%YAML:1.0
---
model_type: PINHOLE
camera_name: oak_right_camera
image_width: 640
image_height: 400
distortion_parameters:
   k1: 0.0
   k2: 0.0
   p1: 0.0
   p2: 0.0
projection_parameters:
   fx: 401.025970
   fy: 400.644104
   cx: 337.826416
   cy: 193.356307
