%YAML:1.0
---
model_type: PINHOLE
camera_name: oak_left_camera
image_width: 640
image_height: 400
distortion_parameters:
   k1: 0.0
   k2: 0.0
   p1: 0.0
   p2: 0.0
projection_parameters:
   fx: 399.238525
   fy: 399.257141
   cx: 322.359741
   cy: 197.937180
